55,4
55,3
55,2
55,1
55,0
54,5
0,505
54,4
54,3
54,2
54,1
54,0
53,4
53,3
53,2
53,1
53,0
52,4
52,3
52,2
52,1
52,0
51,4
51,3
51,2
0,504
51,1
51,0
0,503
0,502
50,3
50,2
50,1
50,0
0,501
0,500
0,499
0,498
0,497
0,496
0,495
0,494
49,4
0,493
49,3
49,2
49,1
49,0
0,492
0,491
48,5
0,490
48,4
48,3
48,2
48,1
48,0
0,489
47,4
0,488
47,3
47,2
47,1
47,0
46,4
46,3
46,2
46,1
46,0
45,4
45,3
45,2
45,1
45,0
44,3
44,2
44,1
44,0
0,487
43,4
43,3
43,2
43,1
43,0
42,5
0,486
0,485
42,4
0,484
0,483
42,3
42,2
0,482
42,1
42,0
0,481
0,480
41,4
0,479
0,478
0,477
41,3
41,2
0,476
41,1
41,0
0,475
0,474
0,473
0,472
0,471
40,4
0,470
40,3
40,2
0,469
40,1
40,0
0,468
0,467
39,4
0,466
0,465
0,464
39,3
39,2
39,1
39,0
0,463
0,462
38,3
38,2
38,1
38,0
0,461
0,460
0,459
0,458
0,457
0,456
0,455
37,4
37,3
37,2
37,1
37,0
36,5
36,4
36,3
36,2
36,1
36,0
